[123.460205078125, -121.93408203125, 43.51351547241211]
[131.3865966796875, -115.32894897460938, 43.11106491088867]
[153.073486328125, -98.12407684326172, 42.6239013671875]
[186.92384338378906, -69.28704833984375, 42.56134033203125]
[200.81224060058594, -56.12864303588867, 42.56134033203125]
[217.81854248046875, -39.509552001953125, 42.529296875]
[234.05587768554688, -24.650745391845703, 42.551143646240234]
[235.1328582763672, -23.878522872924805, 42.5991096496582]
[238.87640380859375, -21.548458099365234, 42.74673080444336]
[239.7118377685547, -21.14345932006836, 42.793636322021484]
[240.52334594726562, -20.804594039916992, 42.83603286743164]
[241.319091796875, -20.529422760009766, 42.87046432495117]
[242.107177734375, -20.315505981445312, 42.89723205566406]
[242.89576721191406, -20.16040802001953, 42.91483688354492]
[243.69296264648438, -20.06169319152832, 42.92700958251953]
[244.50692749023438, -20.016921997070312, 42.93458938598633]
[245.36265563964844, -20.01748275756836, 42.945587158203125]
[246.1455078125, -20.066003799438477, 42.961612701416016]
[246.8794708251953, -20.17184066772461, 42.96858215332031]
[247.58837890625, -20.344343185424805, 42.94514846801758]
[248.29617309570312, -20.59286117553711, 42.9436149597168]
[249.02671813964844, -20.9267520904541, 42.916988372802734]
[249.80392456054688, -21.355358123779297, 42.885963439941406]
[250.6516876220703, -21.888044357299805, 42.866363525390625]
[252.65443420410156, -23.303037643432617, 42.793636322021484]
[253.85723876953125, -24.204055786132812, 42.777122497558594]
[260.7174987792969, -29.95479965209961, 42.641021728515625]
[267.57330322265625, -36.349632263183594, 42.55013656616211]
[272.7081298828125, -41.36125183105469, 42.549766540527344]
[300.2009582519531, -70.03950500488281, 42.56134033203125]
[323.8807373046875, -96.17761993408203, 43.50010299682617]
[329.81158447265625, -102.05592346191406, 43.83129119873047]
[338.1322937011719, -110.06637573242188, 44.45320510864258]
[338.9212341308594, -110.93997955322266, 44.52431869506836]
[345.1995849609375, -118.69939422607422, 45.1333122253418]
[345.5939025878906, -119.49185943603516, 45.16957092285156]
[345.9326171875, -120.30806732177734, 45.19753646850586]
[346.21240234375, -121.15324401855469, 45.22571563720703]
[346.4405212402344, -122.0201416015625, 45.254478454589844]
[346.7665100097656, -123.7861099243164, 45.28148651123047]
[346.8623046875, -124.68472290039062, 45.28512954711914]
[346.9144592285156, -126.51195526123047, 45.29491424560547]
[346.86871337890625, -127.44009399414062, 45.28633499145508]
[346.77374267578125, -128.37757873535156, 45.26850891113281]
[346.43182373046875, -130.27960205078125, 45.2225456237793]
[346.1828308105469, -131.24365234375, 45.18965530395508]
[345.5236511230469, -133.19659423828125, 45.080474853515625]
[345.11138916015625, -134.18499755859375, 45.019073486328125]
[344.3700256347656, -135.67178344726562, 44.90145492553711]
[343.9350280761719, -136.4315948486328, 44.84757614135742]
[342.41058349609375, -138.76075744628906, 44.73492431640625]
[341.2433776855469, -140.34178161621094, 44.67464065551758]
[338.6615905761719, -143.52391052246094, 44.68244171142578]
[333.88189697265625, -148.93646240234375, 44.829132080078125]
[329.080810546875, -153.8286590576172, 44.98745346069336]
[319.8162841796875, -162.38262939453125, 45.22396469116211]
[307.95806884765625, -173.58001708984375, 45.123291015625]
[306.26885986328125, -175.36903381347656, 45.10097885131836]
[289.43499755859375, -193.479248046875, 44.46385955810547]
[288.6766662597656, -194.1322784423828, 44.41641616821289]
[282.3222351074219, -199.01675415039062, 44.008018493652344]
[279.0482177734375, -201.25559997558594, 43.836360931396484]
[268.805908203125, -207.79946899414062, 43.59283447265625]
[262.4375915527344, -211.4938507080078, 43.670467376708984]
[251.43771362304688, -217.83889770507812, 44.042335510253906]
[250.5054931640625, -218.55125427246094, 44.09394836425781]
[247.6245880126953, -221.0543670654297, 44.29317092895508]
[247.05014038085938, -221.65721130371094, 44.32997512817383]
[245.98338317871094, -222.92457580566406, 44.40283203125]
[245.46456909179688, -223.6145477294922, 44.443050384521484]
[243.17733764648438, -227.046630859375, 44.62429428100586]
[241.85916137695312, -229.3135528564453, 44.72697830200195]
[240.03024291992188, -232.91378784179688, 44.869441986083984]
[234.319580078125, -244.74667358398438, 45.26460647583008]
[230.83956909179688, -251.3658905029297, 45.79468536376953]
[230.37789916992188, -252.12173461914062, 45.885353088378906]
[229.9041290283203, -252.81724548339844, 45.95009231567383]
[229.4112548828125, -253.44821166992188, 46.02318572998047]
[228.89231872558594, -254.0102996826172, 46.09695053100586]
[228.34027099609375, -254.499267578125, 46.175071716308594]
[227.74819946289062, -254.91079711914062, 46.244911193847656]
[226.89842224121094, -255.33575439453125, 46.325016021728516]
[225.96299743652344, -255.6468505859375, 46.39254379272461]
[224.9664764404297, -255.84718322753906, 46.44948959350586]
[223.9334716796875, -255.9397735595703, 46.49270248413086]
[222.8885040283203, -255.92767333984375, 46.528076171875]
[221.85614013671875, -255.81393432617188, 46.5678596496582]
[220.86093139648438, -255.60159301757812, 46.565677642822266]
[219.92739868164062, -255.29367065429688, 46.546478271484375]
[219.08018493652344, -254.8932342529297, 46.542293548583984]
[218.34378051757812, -254.4033203125, 46.50703811645508]
[217.80902099609375, -253.921630859375, 46.46361541748047]
[217.32359313964844, -253.36727905273438, 46.40906524658203]
[216.88339233398438, -252.7421112060547, 46.352718353271484]
[216.48440551757812, -252.0480499267578, 46.30018615722656]
[216.12257385253906, -251.28688049316406, 46.23637771606445]
[215.79388427734375, -250.46051025390625, 46.173423767089844]
[215.4943084716797, -249.57080078125, 46.099098205566406]
[214.96633911132812, -247.6089324951172, 45.96317672729492]
[214.50640869140625, -245.41612243652344, 45.836334228515625]
[214.29188537597656, -244.23780822753906, 45.77603530883789]
[213.7118377685547, -239.70289611816406, 45.65446472167969]
[213.38995361328125, -235.42405700683594, 45.61128234863281]
[213.206298828125, -227.15252685546875, 45.49204635620117]
[213.23228454589844, -226.29034423828125, 45.46882629394531]
[213.2701416015625, -225.4910888671875, 45.45108413696289]
[213.57139587402344, -223.10482788085938, 45.376731872558594]
[213.81219482421875, -222.07516479492188, 45.345314025878906]
[214.09347534179688, -221.128173828125, 45.31508255004883]
[214.71861267089844, -219.40335083007812, 45.26133728027344]
[215.959716796875, -215.15682983398438, 45.16012191772461]
[216.08309936523438, -214.2749481201172, 45.13209915161133]
[216.50341796875, -208.85787963867188, 44.993831634521484]
[216.36593627929688, -207.65513610839844, 44.956600189208984]
[215.8310089111328, -204.48046875, 44.873046875]
[214.5989227294922, -198.97943115234375, 44.71674728393555]
[207.92306518554688, -173.61148071289062, 44.01737976074219]
[201.16622924804688, -147.90106201171875, 43.59585189819336]
[200.90951538085938, -146.5727081298828, 43.62335205078125]
[200.57476806640625, -144.20481872558594, 43.62335205078125]
[200.41378784179688, -142.15957641601562, 43.63661193847656]
[199.76565551757812, -134.9385528564453, 43.62335205078125]
[199.47579956054688, -133.99087524414062, 43.62335205078125]
[198.85330200195312, -132.2984619140625, 43.62335205078125]
[198.50816345214844, -131.52528381347656, 43.59385681152344]
[198.1321258544922, -130.7819061279297, 43.59283447265625]
[197.2622833251953, -129.3278045654297, 43.5797004699707]
[196.75595092773438, -128.58868408203125, 43.560791015625]
[194.87637329101562, -126.15286254882812, 43.5302734375]
[191.8193359375, -122.60186767578125, 43.49968719482422]
[188.106201171875, -118.77664947509766, 43.51884841918945]
[187.34352111816406, -118.06778717041016, 43.53651809692383]
[185.11146545410156, -116.19940185546875, 43.639930725097656]
[184.4039306640625, -115.689697265625, 43.66517639160156]
[183.72348022460938, -115.25000762939453, 43.686676025390625]
[182.7515411376953, -114.698974609375, 43.738014221191406]
[181.774169921875, -114.2166748046875, 43.7839241027832]
[180.79647827148438, -113.80498504638672, 43.83543395996094]
[179.82376098632812, -113.46589660644531, 43.88351058959961]
[178.86123657226562, -113.20137023925781, 43.917415618896484]
[177.9141845703125, -113.01337432861328, 43.965431213378906]
[176.9877166748047, -112.90384674072266, 43.97909927368164]
[176.08714294433594, -112.87476348876953, 44.0103759765625]
[175.21766662597656, -112.9280776977539, 44.02928924560547]
[174.3845672607422, -113.06575012207031, 44.02311706542969]
[173.59298706054688, -113.28974914550781, 44.014869689941406]
[172.8505859375, -113.58332824707031, 44.01087951660156]
[172.1563720703125, -113.93431854248047, 43.99992370605469]
[171.502685546875, -114.3515853881836, 43.99189758300781]
[170.8817138671875, -114.84403991699219, 43.980224609375]
[170.28579711914062, -115.4205551147461, 43.94977569580078]
[169.70721435546875, -116.08999633789062, 43.90511703491211]
[169.13824462890625, -116.86125183105469, 43.8515625]
[168.57118225097656, -117.74319458007812, 43.809669494628906]
[167.4119415283203, -119.8746109008789, 43.703857421875]
[166.8043212890625, -121.14188385009766, 43.65249252319336]
[165.55575561523438, -124.14363861083984, 43.53944778442383]
[163.9033660888672, -128.8247833251953, 43.41344451904297]
[160.59996032714844, -140.0651092529297, 43.09844970703125]
[159.93478393554688, -142.7451934814453, 43.05973815917969]
[159.50570678710938, -144.99391174316406, 43.07726287841797]
[159.3577880859375, -146.10890197753906, 43.08699035644531]
[159.0961151123047, -149.38462829589844, 43.141204833984375]
[157.7589111328125, -159.49288940429688, 43.55338668823242]
[157.29579162597656, -160.3995819091797, 43.59526824951172]
[156.77212524414062, -161.2493133544922, 43.631996154785156]
[156.1939239501953, -162.04286193847656, 43.66399383544922]
[155.5672149658203, -162.78102111816406, 43.70425796508789]
[154.89794921875, -163.4646759033203, 43.74702453613281]
[154.19215393066406, -164.09457397460938, 43.786434173583984]
[153.45582580566406, -164.67153930664062, 43.82252883911133]
[152.6949920654297, -165.1963653564453, 43.85506057739258]
[151.91563415527344, -165.66986083984375, 43.88666915893555]
[151.12380981445312, -166.09283447265625, 43.9379997253418]
[150.32545471191406, -166.4661102294922, 43.9653205871582]
[149.52659606933594, -166.7904815673828, 44.000057220458984]
[148.73324584960938, -167.06675720214844, 44.041961669921875]
[147.86878967285156, -167.3123321533203, 44.08081817626953]
[146.98451232910156, -167.50128173828125, 44.09311294555664]
[146.08143615722656, -167.63262939453125, 44.12888717651367]
[145.16036987304688, -167.70535278320312, 44.16282653808594]
[144.22230529785156, -167.71849060058594, 44.19252395629883]
[143.26809692382812, -167.6710205078125, 44.219791412353516]
[142.29873657226562, -167.56195068359375, 44.242958068847656]
[141.31507873535156, -167.39028930664062, 44.28418731689453]
[140.3179931640625, -167.155029296875, 44.311031341552734]
[139.30850219726562, -166.85520935058594, 44.35014724731445]
[138.2873992919922, -166.48977661132812, 44.38674545288086]
[137.25572204589844, -166.05780029296875, 44.42241287231445]
[135.73927307128906, -165.2832794189453, 44.46232223510742]
[134.94729614257812, -164.81622314453125, 44.49100875854492]
[132.48390197753906, -163.16038513183594, 44.5669059753418]
[130.80831909179688, -161.8980712890625, 44.63167953491211]
[125.96981048583984, -157.8240966796875, 44.74444580078125]
[123.85223388671875, -155.8918914794922, 44.78575134277344]
[118.04102325439453, -149.9544219970703, 44.838504791259766]
[117.43292236328125, -149.20228576660156, 44.84130859375]
[116.32939147949219, -147.6867218017578, 44.812374114990234]
[115.84005737304688, -146.92239379882812, 44.810752868652344]
[115.00157165527344, -145.37844848632812, 44.77155303955078]
[114.60372161865234, -144.45005798339844, 44.75593566894531]
[114.2694091796875, -143.48582458496094, 44.73917007446289]
[113.99449157714844, -142.49600219726562, 44.70159912109375]
[113.77483367919922, -141.49082946777344, 44.66072463989258]
[113.48460388183594, -139.47515869140625, 44.57646942138672]
[113.40574645996094, -138.4851531982422, 44.55118942260742]
[113.35975646972656, -136.59197998046875, 44.49476623535156]
[113.43506622314453, -134.88265991210938, 44.41912078857422]
[113.50782012939453, -134.1225128173828, 44.393028259277344]
[113.68415069580078, -133.11178588867188, 44.36180114746094]
[113.95804595947266, -132.23056030273438, 44.32118225097656]
[114.31749725341797, -131.44940185546875, 44.274017333984375]
[114.75053405761719, -130.73886108398438, 44.22455596923828]
[115.24512481689453, -130.0695343017578, 44.173187255859375]
[115.78934478759766, -129.41189575195312, 44.1181755065918]
[116.9786376953125, -128.01406860351562, 44.00048065185547]
[120.39019775390625, -124.63958740234375, 43.724063873291016]
[122.1515121459961, -123.10122680664062, 43.61387634277344]
[123.36804962158203, -122.02855682373047, 43.51935577392578]
