[127.46128845214844, -126.73551940917969, 43.259239196777344]
[135.27099609375, -120.22526550292969, 42.98336410522461]
[157.12652587890625, -102.88174438476562, 42.77619552612305]
[191.22244262695312, -73.8241195678711, 42.56134033203125]
[205.11090087890625, -60.52745056152344, 42.56134033203125]
[221.8691864013672, -43.93598937988281, 42.529296875]
[237.55215454101562, -29.526819229125977, 42.136165618896484]
[238.30340576171875, -28.9724063873291, 42.1474609375]
[241.4937286376953, -26.947494506835938, 42.17578887939453]
[242.02381896972656, -26.680133819580078, 42.18450164794922]
[242.48423767089844, -26.47512435913086, 42.18953323364258]
[242.89085388183594, -26.319896697998047, 42.19800567626953]
[243.2650604248047, -26.202720642089844, 42.2053337097168]
[243.6331024169922, -26.11492919921875, 42.2108268737793]
[244.02249145507812, -26.052637100219727, 42.21303939819336]
[244.50299072265625, -26.016921997070312, 42.21641540527344]
[244.99148559570312, -26.005990982055664, 42.21745300292969]
[245.28916931152344, -26.004579544067383, 42.217586517333984]
[245.46084594726562, -26.00172233581543, 42.217857360839844]
[245.60064697265625, -26.00551986694336, 42.21749496459961]
[245.80206298828125, -26.049911499023438, 42.213294982910156]
[246.1292724609375, -26.180782318115234, 42.210655212402344]
[246.61172485351562, -26.435699462890625, 42.20798110961914]
[247.18948364257812, -26.78836441040039, 42.18122482299805]
[249.0572052001953, -28.105117797851562, 42.11546325683594]
[250.0027618408203, -28.802202224731445, 42.10535430908203]
[256.62493896484375, -34.342384338378906, 42.12201690673828]
[263.3824768066406, -40.64347457885742, 42.35386657714844]
[268.3769226074219, -45.513431549072266, 42.498779296875]
[295.7543640136719, -74.06788635253906, 42.56134033203125]
[319.6570129394531, -100.43909454345703, 43.394161224365234]
[325.6502990722656, -106.37838745117188, 43.6005973815918]
[333.67938232421875, -114.08775329589844, 43.903499603271484]
[334.2568664550781, -114.71405029296875, 43.93718719482422]
[339.8278503417969, -121.37228393554688, 44.26669692993164]
[340.0521240234375, -121.79161071777344, 44.26852035522461]
[340.2366027832031, -122.19365692138672, 44.279579162597656]
[340.4099426269531, -122.68013000488281, 44.291107177734375]
[340.54022216796875, -123.10930633544922, 44.301822662353516]
[340.8003234863281, -124.42212677001953, 44.31095886230469]
[340.86474609375, -124.85591125488281, 44.320987701416016]
[340.9217224121094, -126.21659088134766, 44.29922866821289]
[340.8992614746094, -126.83536529541016, 44.29569625854492]
[340.868408203125, -127.31600189208984, 44.28091812133789]
[340.6224670410156, -128.7791748046875, 44.2207145690918]
[340.4979248046875, -129.32481384277344, 44.21125030517578]
[339.9860534667969, -130.88685607910156, 44.152191162109375]
[339.74188232421875, -131.50758361816406, 44.13005447387695]
[339.1629943847656, -132.6907196044922, 44.07698059082031]
[338.91473388671875, -133.14578247070312, 44.059730529785156]
[337.5835266113281, -135.19712829589844, 44.00279998779297]
[336.58404541015625, -136.5614776611328, 43.99449157714844]
[334.1641845703125, -139.55235290527344, 44.06040573120117]
[329.5995788574219, -144.73388671875, 44.273521423339844]
[325.0105895996094, -149.4203338623047, 44.56918716430664]
[315.6969299316406, -158.02017211914062, 45.03083038330078]
[303.5954895019531, -169.4608154296875, 45.06072998046875]
[301.8741760253906, -171.28408813476562, 45.026180267333984]
[285.519775390625, -188.93270874023438, 44.42331314086914]
[285.02008056640625, -189.375244140625, 44.393795013427734]
[278.9354553222656, -194.0640106201172, 43.99467849731445]
[275.81781005859375, -196.199462890625, 43.80547332763672]
[265.7951354980469, -202.6095428466797, 43.59283447265625]
[259.43963623046875, -206.29652404785156, 43.6724967956543]
[247.794677734375, -213.07147216796875, 43.968963623046875]
[246.5702362060547, -214.0220489501953, 44.01253890991211]
[243.2808837890625, -216.91526794433594, 44.21162033081055]
[242.4597930908203, -217.79345703125, 44.28386688232422]
[241.18783569335938, -219.31863403320312, 44.37778854370117]
[240.47171020507812, -220.28717041015625, 44.430294036865234]
[237.99049377441406, -224.0305633544922, 44.623783111572266]
[236.50982666015625, -226.59608459472656, 44.704463958740234]
[234.62661743164062, -230.3059539794922, 44.777809143066406]
[229.00881958007812, -241.95457458496094, 44.9661979675293]
[225.73345947265625, -248.24708557128906, 45.43437194824219]
[225.4341278076172, -248.75411987304688, 45.498409271240234]
[225.1902618408203, -249.13504028320312, 45.54607391357422]
[225.01527404785156, -249.3897247314453, 45.577938079833984]
[224.92312622070312, -249.529052734375, 45.597835540771484]
[224.92041015625, -249.57907104492188, 45.60417938232422]
[224.92041015625, -249.57907104492188, 45.60417938232422]
[224.92041015625, -249.57907104492188, 45.60417938232422]
[224.77285766601562, -249.72671508789062, 45.627384185791016]
[224.42501831054688, -249.80625915527344, 45.64848327636719]
[224.00404357910156, -249.84552001953125, 45.6668815612793]
[223.559326171875, -249.8388671875, 45.693748474121094]
[223.1408233642578, -249.7928466796875, 45.71417236328125]
[222.79867553710938, -249.7268829345703, 45.72087097167969]
[222.58212280273438, -249.677001953125, 45.72123718261719]
[222.5333709716797, -249.70263671875, 45.72593688964844]
[222.5333709716797, -249.70263671875, 45.72593688964844]
[222.5333709716797, -249.70263671875, 45.72593688964844]
[222.4457550048828, -249.76060485839844, 45.73586654663086]
[222.31716918945312, -249.61846923828125, 45.72406768798828]
[222.14581298828125, -249.35682678222656, 45.71043014526367]
[221.94647216796875, -248.9704132080078, 45.6868896484375]
[221.7318572998047, -248.46112060546875, 45.652137756347656]
[221.54171752929688, -247.94334411621094, 45.615135192871094]
[221.0888671875, -246.32476806640625, 45.5134162902832]
[220.65606689453125, -244.29652404785156, 45.4866828918457]
[220.4913787841797, -243.44485473632812, 45.48086929321289]
[219.94422912597656, -239.2340545654297, 45.40584182739258]
[219.63841247558594, -235.2853240966797, 45.41564178466797]
[219.45346069335938, -227.3408203125, 45.38393783569336]
[219.47528076171875, -226.58604431152344, 45.36090087890625]
[219.47091674804688, -226.27391052246094, 45.35916519165039]
[219.65719604492188, -224.52806091308594, 45.307559967041016]
[219.80349731445312, -223.854736328125, 45.28645324707031]
[219.96945190429688, -223.25784301757812, 45.28138732910156]
[220.7176513671875, -221.15664672851562, 45.22651290893555]
[222.14942932128906, -216.0228271484375, 45.18585205078125]
[222.3143768310547, -214.75843811035156, 45.15533447265625]
[222.71298217773438, -208.14808654785156, 45.02995681762695]
[222.529052734375, -206.6166534423828, 44.965362548828125]
[221.92990112304688, -203.11447143554688, 44.84602355957031]
[220.64312744140625, -197.38882446289062, 44.65958786010742]
[213.96780395507812, -172.02288818359375, 43.99941635131836]
[207.30239868164062, -146.7152099609375, 43.6553955078125]
[207.08694458007812, -145.69940185546875, 43.6553955078125]
[206.7635498046875, -143.7176971435547, 43.66401290893555]
[206.55743408203125, -141.60813903808594, 43.6859130859375]
[205.5030975341797, -133.18370056152344, 43.62335205078125]
[205.0971221923828, -131.9232635498047, 43.59283447265625]
[204.3094940185547, -129.8628692626953, 43.58843994140625]
[203.83628845214844, -128.83004760742188, 43.5873908996582]
[203.2545623779297, -127.71766662597656, 43.560791015625]
[202.18836975097656, -125.95320129394531, 43.560791015625]
[201.48658752441406, -124.9383316040039, 43.560791015625]
[199.4235382080078, -122.23822021484375, 43.579261779785156]
[196.17352294921875, -118.3752670288086, 43.7059326171875]
[192.3023681640625, -114.26190948486328, 43.94229507446289]
[191.31158447265625, -113.32735443115234, 43.99876403808594]
[188.75242614746094, -111.1452865600586, 44.17265701293945]
[187.79098510742188, -110.44800567626953, 44.231082916259766]
[186.80593872070312, -109.8130111694336, 44.260658264160156]
[185.52145385742188, -109.0858154296875, 44.306156158447266]
[184.20558166503906, -108.44249725341797, 44.35714340209961]
[182.8597412109375, -107.88626861572266, 44.419857025146484]
[181.48489379882812, -107.42159271240234, 44.475685119628906]
[180.08145141601562, -107.05440521240234, 44.524662017822266]
[178.6496124267578, -106.79261016845703, 44.54902648925781]
[177.18978881835938, -106.64659118652344, 44.58333969116211]
[175.70420837402344, -106.6297378540039, 44.58436584472656]
[174.19810485839844, -106.75837707519531, 44.576515197753906]
[172.68252563476562, -107.05099487304688, 44.58909606933594]
[171.2946319580078, -107.4776840209961, 44.562400817871094]
[170.03013610839844, -108.00485229492188, 44.56049728393555]
[168.79171752929688, -108.66326904296875, 44.52662658691406]
[167.61495971679688, -109.44926452636719, 44.501617431640625]
[166.52870178222656, -110.34453582763672, 44.45664978027344]
[165.54649353027344, -111.32447814941406, 44.44865417480469]
[164.6641082763672, -112.3696060180664, 44.41244125366211]
[163.86566162109375, -113.47114562988281, 44.33381652832031]
[163.06488037109375, -114.74840545654297, 44.23863983154297]
[161.767822265625, -117.16841888427734, 44.081260681152344]
[161.03363037109375, -118.74159240722656, 44.0066032409668]
[159.692138671875, -122.0738525390625, 43.9071044921875]
[157.99464416503906, -127.08827209472656, 43.62065887451172]
[154.75515747070312, -138.61447143554688, 42.80018615722656]
[154.04110717773438, -141.62062072753906, 42.740760803222656]
[153.5691680908203, -144.2063446044922, 42.74573516845703]
[153.39175415039062, -145.63232421875, 42.761749267578125]
[153.16624450683594, -148.6001739501953, 42.8349723815918]
[152.41558837890625, -156.7636260986328, 43.15854263305664]
[152.1878662109375, -157.251708984375, 43.198158264160156]
[151.92283630371094, -157.7159881591797, 43.24202346801758]
[151.6200714111328, -158.1595916748047, 43.282955169677734]
[151.27969360351562, -158.583740234375, 43.312171936035156]
[150.90283203125, -158.98817443847656, 43.34443664550781]
[150.49148559570312, -159.3717498779297, 43.393280029296875]
[150.04893493652344, -159.73260498046875, 43.440921783447266]
[149.57962036132812, -160.0685577392578, 43.47409439086914]
[149.08863830566406, -160.37759399414062, 43.50285720825195]
[148.58253479003906, -160.6575927734375, 43.54229736328125]
[148.06817626953125, -160.9069061279297, 43.581947326660156]
[147.5533905029297, -161.1242218017578, 43.61423110961914]
[147.09364318847656, -161.29513549804688, 43.63895797729492]
[146.6150360107422, -161.44479370117188, 43.66351318359375]
[146.1209259033203, -161.56375122070312, 43.67668533325195]
[145.6091766357422, -161.6512451171875, 43.68496322631836]
[145.0763397216797, -161.70594787597656, 43.697113037109375]
[144.5204315185547, -161.7259063720703, 43.7154426574707]
[143.93896484375, -161.70864868164062, 43.72517395019531]
[143.33023071289062, -161.65127563476562, 43.75732421875]
[142.69293212890625, -161.55064392089844, 43.774024963378906]
[142.0262451171875, -161.40335083007812, 43.797298431396484]
[141.33021545410156, -161.20608520507812, 43.85932540893555]
[140.604736328125, -160.95533752441406, 43.9274787902832]
[139.98484802246094, -160.7144012451172, 43.94975662231445]
[138.7871551513672, -160.1150665283203, 43.990318298339844]
[138.29446411132812, -159.8366241455078, 44.0232048034668]
[136.0941925048828, -158.3681182861328, 44.10893249511719]
[134.67282104492188, -157.308349609375, 44.16360092163086]
[130.01402282714844, -153.3918914794922, 44.27260208129883]
[128.14022827148438, -151.69508361816406, 44.31418991088867]
[122.70683288574219, -146.18212890625, 44.39442443847656]
[122.28335571289062, -145.6705322265625, 44.3768196105957]
[121.38253021240234, -144.45162963867188, 44.37841033935547]
[121.11268615722656, -144.05892944335938, 44.370723724365234]
[120.51651000976562, -143.0150909423828, 44.372772216796875]
[120.27265930175781, -142.48455810546875, 44.35530090332031]
[120.05056762695312, -141.88014221191406, 44.33522033691406]
[119.85616302490234, -141.21507263183594, 44.32708740234375]
[119.71358489990234, -140.63572692871094, 44.285804748535156]
[119.46566009521484, -138.99874877929688, 44.18767166137695]
[119.40397644042969, -138.33944702148438, 44.13799285888672]
[119.35394287109375, -136.8560791015625, 44.07494354248047]
[119.40777587890625, -135.45431518554688, 44.005836486816406]
[119.41854858398438, -135.1536865234375, 43.99519729614258]
[119.412109375, -134.89210510253906, 43.98741912841797]
[119.4032974243164, -134.7362060546875, 43.983245849609375]
[119.4315414428711, -134.56614685058594, 43.97517395019531]
[119.56342315673828, -134.2952880859375, 43.954429626464844]
[119.85348510742188, -133.88311767578125, 43.914405822753906]
[120.34578704833984, -133.28858947753906, 43.8502197265625]
[121.19850158691406, -132.28030395507812, 43.76173782348633]
[124.41993713378906, -129.25335693359375, 43.42798614501953]
[126.25167846679688, -127.75131225585938, 43.32674789428711]
[127.50157165527344, -126.71646881103516, 43.257301330566406]
