292.802,-51.0492,42.6 -0.0050781336612999,-0.0013099781936035,-0.38588759303093,0.92253094911575
292.802,-51.0492,44.4 -0.0050781336612999,-0.0013099781936035,-0.38588759303093,0.92253094911575
292.302,-52.1492,42.6 -0.0050781336612999,-0.0013099781936035,-0.38588759303093,0.92253094911575
292.302,-52.1492,44.4 -0.0050781336612999,-0.0013099781936035,-0.38588759303093,0.92253094911575
149.914,-150.72,43.0269 0.011251585558057,-0.027292953804135,0.19577859342098,0.98020368814468
149.914,-150.72,45.0269 0.011251585558057,-0.027292953804135,0.19577859342098,0.98020368814468
151.914,-150.72,43.0269 0.011251585558057,-0.027292953804135,0.19577859342098,0.98020368814468
151.914,-150.72,45.0269 0.011251585558057,-0.027292953804135,0.19577859342098,0.98020368814468

149.914,-155.72,43.0269 0.011251585558057,-0.027292953804135,0.19577859342098,0.98020368814468
149.914,-155.72,44.5269 0.011251585558057,-0.027292953804135,0.19577859342098,0.98020368814468
151.514,-155.72,43.0269 0.011251585558057,-0.027292953804135,0.19577859342098,0.98020368814468
151.514,-155.72,44.5269 0.011251585558057,-0.027292953804135,0.19577859342098,0.98020368814468

146.314,-160.72,43.7269 0.011251585558057,-0.027292953804135,0.19577859342098,0.98020368814468
146.314,-160.72,45.0269 0.011251585558057,-0.027292953804135,0.19577859342098,0.98020368814468
148.014,-160.72,43.7269 0.011251585558057,-0.027292953804135,0.19577859342098,0.98020368814468
148.014,-160.72,45.0269 0.011251585558057,-0.027292953804135,0.19577859342098,0.98020368814468

WITH PLATFORM:
145.214,-160.72,43.7269 0.011251585558057,-0.027292953804135,0.19577859342098,0.98020368814468
145.214,-160.72,45.3269 0.011251585558057,-0.027292953804135,0.19577859342098,0.98020368814468
147.014,-160.72,43.7269 0.011251585558057,-0.027292953804135,0.19577859342098,0.98020368814468
147.014,-160.72,45.3269 0.011251585558057,-0.027292953804135,0.19577859342098,0.98020368814468

CURVE4 WITH PLATFORM:
PLATFORM:         cube = ProceduralCube(name='cube_platform',
                              pos=(145.214,-160.72,43.7269),
                              rot=None,
                              rot_quat=(0, 0, 0, 1),
                              size=(2, 6, 0.5))
145.214,-160.71,43.7469 0.011251585558057,-0.027292953804135,0.19577859342098,0.98020368814468
145.214,-160.71,45.3469 0.011251585558057,-0.027292953804135,0.19577859342098,0.98020368814468
147.014,-160.72,43.7469 0.011251585558057,-0.027292953804135,0.19577859342098,0.98020368814468
147.014,-160.72,45.3469 0.011251585558057,-0.027292953804135,0.19577859342098,0.98020368814468

CURVE1 WITH PLATFORM:
