curve1 243.675,-28.7433,42.1542 -0.037956852465868,0.039135009050369,-0.84671473503113,0.52924650907516
323.817,-144.924,44.3015 0.031069228425622,0.022527452558279,0.38939499855042,0.92027103900909
straight1 288.458,-49.3526,42.7789 -0.0047818524762988,-0.0019456347217783,-0.41310140490532,0.91067039966583
straight1further 307.094,-67.9081,42.7738 -0.0048524076119065,-0.0015864814631641,-0.35490599274635,0.9348880648613
straight1rightside 274.544,-52.697,42.7805 -0.0051279575563967,-0.0021505707409233,-0.33869233727455,0.94088077545166
straight1onroadleft 284.458,-49.3526,42.7789 -0.0047818524762988,-0.0019456347217783,-0.41310140490532,0.91067039966583
straight1offroadleft(use this one) 290.0,-49.3526,42.7789 -0.0047818524762988,-0.0019456347217783,-0.41310140490532,0.91067039966583
straight1againidk 292.602,-51.1492,42.7788 -0.0050781336612999,-0.0013099781936035,-0.38588759303093,0.92253094911575
curve2 351.441,-123.34,46.3265 0.020842179656029,0.088115952908993,-0.36828577518463,0.92529284954071
straight2
curve3
straight3 188.625,-140.857,43.739 0.015746593475342,-0.005139057058841,-0.7861967086792,0.61775428056717
curve4
straight4

straight1 2x2
292.802,-51.0492,42.6 -0.0050781336612999,-0.0013099781936035,-0.38588759303093,0.92253094911575
292.802,-51.0492,44.4 -0.0050781336612999,-0.0013099781936035,-0.38588759303093,0.92253094911575
292.302,-52.1492,42.6 -0.0050781336612999,-0.0013099781936035,-0.38588759303093,0.92253094911575
292.302,-52.1492,44.4 -0.0050781336612999,-0.0013099781936035,-0.38588759303093,0.92253094911575

straight1 3x3
292.802,-51.0492,42.6 -0.0050781336612999,-0.0013099781936035,-0.38588759303093,0.92253094911575
292.802,-51.0492,44.4 -0.0050781336612999,-0.0013099781936035,-0.38588759303093,0.92253094911575
292.802,-51.0492,46.2 -0.0050781336612999,-0.0013099781936035,-0.38588759303093,0.92253094911575
292.302,-52.1492,42.6 -0.0050781336612999,-0.0013099781936035,-0.38588759303093,0.92253094911575
292.302,-52.1492,44.4 -0.0050781336612999,-0.0013099781936035,-0.38588759303093,0.92253094911575
292.302,-52.1492,46.2 -0.0050781336612999,-0.0013099781936035,-0.38588759303093,0.92253094911575
291.802,-53.2492,42.6 -0.0050781336612999,-0.0013099781936035,-0.38588759303093,0.92253094911575
291.802,-53.2492,44.4 -0.0050781336612999,-0.0013099781936035,-0.38588759303093,0.92253094911575
291.802,-53.2492,46.2 -0.0050781336612999,-0.0013099781936035,-0.38588759303093,0.92253094911575

driver_training approachingfork 2x2
-20.12766,215.448,50.043 -0.022064134478569,-0.022462423890829,0.82797580957413,0.55987912416458
-20.12766,215.448,51.543 -0.022064134478569,-0.022462423890829,0.82797580957413,0.55987912416458
-20.12766,216.8403,50.043 -0.022064134478569,-0.022462423890829,0.82797580957413,0.55987912416458
-20.12766,216.8403,51.543 -0.022064134478569,-0.022462423890829,0.82797580957413,0.55987912416458

driver_training approachingfork 3x2
-20.12766,215.448,50.043 -0.022064134478569,-0.022462423890829,0.82797580957413,0.55987912416458
-20.12766,215.448,51.543 -0.022064134478569,-0.022462423890829,0.82797580957413,0.55987912416458
-20.12766,216.8403,50.043 -0.022064134478569,-0.022462423890829,0.82797580957413,0.55987912416458
-20.12766,216.8403,51.543 -0.022064134478569,-0.022462423890829,0.82797580957413,0.55987912416458
-20.12766,214.0557,50.043 -0.022064134478569,-0.022462423890829,0.82797580957413,0.55987912416458
-20.12766,214.0557,51.543 -0.022064134478569,-0.022462423890829,0.82797580957413,0.55987912416458



