[ 123.06009674 -121.45393829   43.52830772]
[ 130.99815674 -114.83931732   43.11515999]
[152.66818237 -97.64831009  42.61764526]
[186.49398346 -68.83334122  42.56134033]
[200.38237457 -55.68876228  42.56134033]
[217.41347809 -39.06690826  42.53250122]
[233.70625    -24.16313801  42.59557114]
[234.81580353 -23.36913452  42.65112801]
[238.61467133 -21.00855446  42.82273674]
[239.48063965 -20.58979187  42.87341995]
[240.32725677 -20.23754091  42.91893425]
[241.16191559 -19.95037546  42.95611191]
[241.99138947 -19.72678452  42.98508568]
[242.82203369 -19.56495581  43.00442543]
[243.66000977 -19.4625988   43.0175045 ]
[244.50732117 -19.41692209  43.02517204]
[245.39977264 -19.41863194  43.03721313]
[246.23114166 -19.47214622  43.05122185]
[247.02133331 -19.5888525   43.05681305]
[247.7871521  -19.77822542  43.03440781]
[248.54558411 -20.04715605  43.03119011]
[249.31646271 -20.40134907  43.00400047]
[250.12314453 -20.84732399  42.97196503]
[250.99790802 -21.39801235  42.9488369 ]
[253.01415558 -22.82282963  42.87664757]
[254.24268799 -23.74424114  42.85741425]
[261.12675476 -29.51604137  42.70208588]
[267.99238586 -35.92024803  42.57272797]
[273.14125061 -40.94603386  42.55092392]
[300.64561768 -69.63666687  42.56134033]
[324.30310974 -95.75147247  43.50976105]
[ 330.22771301 -101.62367706   43.84786415]
[ 338.57758484 -109.66423798   44.51197205]
[ 339.3876709  -110.56257248   44.58849106]
[ 345.73675842 -118.43210526   45.23175812]
[ 346.14808044 -119.26188431   45.27063904]
[ 346.50221863 -120.11950836   45.3007225 ]
[ 346.79264832 -121.00055542   45.33250885]
[ 347.03055115 -121.91122513   45.36130562]
[ 347.36312866 -123.72250824   45.38834229]
[ 347.46206055 -124.66760406   45.39014549]
[ 347.51373291 -126.5414917    45.39792862]
[ 347.46565857 -127.5005661    45.38636169]
[ 347.36427612 -128.48373718   45.36868477]
[ 347.0127594  -130.42964478   45.32510834]
[ 346.75132141 -131.43553619   45.29393845]
[ 346.07741089 -133.42756805   45.1859951 ]
[ 345.64833984 -134.45273895   45.12248192]
[ 344.89072876 -135.96988983   45.00143661]
[ 344.4370575  -136.76017609   44.9454586 ]
[ 342.89328918 -139.11712036   44.82538033]
[ 341.70931091 -140.71981201   44.75619736]
[ 339.11133118 -143.92106628   44.74364281]
[ 334.31012878 -149.35671997   44.87203178]
[ 329.48783264 -154.26949158   45.01479263]
[ 320.2282196  -162.81887512   45.23586998]
[ 308.39432678 -173.99193726   45.13275146]
[ 306.70832825 -175.77752838   45.11159248]
[ 289.82651978 -193.93390198   44.47148972]
[ 289.04232483 -194.60798187   44.42289619]
[ 282.66091309 -199.5120285    44.00934982]
[ 279.37125854 -201.76121368   43.83688393]
[ 269.10698547 -208.31846161   43.58717041]
[ 262.73738708 -212.01358337   43.66756439]
[ 251.80201721 -218.31564026   44.04272194]
[ 250.89901886 -219.0041748    44.09442596]
[ 248.05895844 -221.46827698   44.29569817]
[ 247.50917511 -222.04358673   44.33087196]
[ 246.46293793 -223.28516998   44.40395126]
[ 245.96385498 -223.94728546   44.44370232]
[ 243.69602203 -227.34823761   44.62323456]
[ 242.39409485 -229.58529968   44.72621536]
[ 240.57060547 -233.17457123   44.87014999]
[ 234.85065613 -245.02588348   45.29330597]
[ 231.35018005 -251.677771     45.82589912]
[ 230.87227631 -252.45849609   45.91841927]
[ 230.37551575 -253.185466     45.98772278]
[ 229.85085297 -253.85406189   46.06349983]
[ 229.28923798 -254.45842438   46.14208527]
[ 228.68225708 -254.99128723   46.22529259]
[ 228.01657715 -255.44746399   46.30359879]
[ 227.08828888 -255.90665894   46.3909996 ]
[ 226.08201141 -256.23886414   46.46600838]
[ 225.02062225 -256.45127716   46.52944908]
[ 223.92641449 -256.54919891   46.57846832]
[ 222.82142181 -256.53655396   46.61522522]
[ 221.72767181 -256.41604309   46.6538826 ]
[ 220.66715698 -256.1890625    46.64949532]
[ 219.66192627 -255.85533752   46.62795219]
[ 218.73486633 -255.41229401   46.61384468]
[ 217.9254715  -254.86771851   46.56914558]
[ 217.33814697 -254.33395996   46.52058334]
[ 216.81137695 -253.727948     46.45831566]
[ 216.34001465 -253.0544754    46.39728813]
[ 215.91826477 -252.31717224   46.33948441]
[ 215.54018402 -251.51852722   46.2713707 ]
[ 215.20008698 -250.66044922   46.2061573 ]
[ 214.88956757 -249.73354645   46.13093185]
[ 214.3540863  -247.73734894   45.99465752]
[ 213.89144287 -245.52808228   45.86758232]
[ 213.67193604 -244.31710358   45.80756493]
[ 213.08859863 -239.74978027   45.68481598]
[ 212.76510773 -235.4379303    45.6357235 ]
[ 212.58158264 -227.13369751   45.5019062 ]
[ 212.60798492 -226.26077423   45.47803192]
[ 212.65006409 -225.4128067    45.45469513]
[ 212.96281586 -222.96250458   45.37234001]
[ 213.21306458 -221.89720764   45.33973045]
[ 213.50587769 -220.91520691   45.30841103]
[ 214.1187088  -219.22802124   45.25587158]
[ 215.34074554 -215.0702301    45.15663376]
[ 215.45997162 -214.22659912   45.13012924]
[ 215.88246155 -208.92885895   44.99294586]
[ 215.74962463 -207.75898438   44.95672379]
[ 215.22111969 -204.61706848   44.87575912]
[ 213.99450226 -199.13849182   44.71855278]
[ 207.31859131 -173.77033997   44.01920624]
[ 200.5526123  -148.01964722   43.59234581]
[ 200.29177246 -146.66003876   43.61709595]
[ 199.95588989 -144.25353088   43.61833267]
[ 199.79942322 -142.21472015   43.63223419]
[ 199.19191132 -135.11403809   43.61940842]
[ 198.9136673  -134.19763641   43.61709595]
[ 198.3076828  -132.54202118   43.61525612]
[ 197.97535095 -131.79480743   43.58804817]
[ 197.6198822  -131.08833008   43.58660774]
[ 196.76967468 -129.66526489   43.57060471]
[ 196.28288727 -128.95371857   43.55164185]
[ 194.4216568  -126.54432678   43.51683273]
[ 191.38391724 -123.02452774   43.46811905]
[ 187.68658447 -119.22812347   43.46539383]
[ 186.94671478 -118.54183044   43.48008575]
[ 184.74736938 -116.70481339   43.57180786]
[ 184.06522522 -116.21386642   43.59629059]
[ 183.41523438 -115.79370728   43.61755142]
[ 182.47454987 -115.26029053   43.66649017]
[ 181.53102875 -114.79409256   43.71185684]
[ 180.59015198 -114.39685669   43.76318817]
[ 179.65764771 -114.070327     43.81152153]
[ 178.73921509 -113.81606674   43.84614868]
[ 177.84064178 -113.63545074   43.8926384 ]
[ 176.96750946 -113.5295723    43.90783043]
[ 176.1254364  -113.49926605   43.93745956]
[ 175.3196228  -113.54504776   43.95546761]
[ 174.55477142 -113.66722565   43.95058823]
[ 173.82282257 -113.87095566   43.94384346]
[ 173.13263092 -114.14117584   43.94087982]
[ 172.49283752 -114.46142349   43.93141289]
[ 171.89145813 -114.84181747   43.92439957]
[ 171.31701508 -115.29399033   43.91374588]
[ 170.75972748 -115.83016281   43.88548775]
[ 170.21152496 -116.46203537   43.84333839]
[ 169.66550293 -117.20026245   43.79255142]
[ 169.12181244 -118.04267349   43.75240364]
[ 167.97635345 -120.1452301    43.64803009]
[ 167.38139038 -121.38191299   43.59843903]
[ 166.14211731 -124.35061722   43.49323425]
[ 164.49423828 -128.99843445   43.38816414]
[ 161.18444061 -140.21017303   43.10409546]
[ 160.52415161 -142.85765076   43.07190933]
[ 160.09936066 -145.07266846   43.09058342]
[ 159.95439148 -146.15655975   43.10182495]
[ 159.68910217 -149.46307373   43.16185913]
[ 158.29324341 -159.76581573   43.57677765]
[ 157.80658417 -160.7143692    43.61859894]
[ 157.25705414 -161.60264587   43.65549278]
[ 156.6513092  -162.43118896   43.68778038]
[ 155.9959671  -163.20074921   43.72737846]
[ 155.29746094 -163.91232605   43.76881027]
[ 154.56222076 -164.56685638   43.80740433]
[ 153.79651489 -165.16543274   43.84557495]
[ 153.00652924 -165.70914612   43.88035164]
[ 152.19833374 -166.19908752   43.91402588]
[ 151.37793732 -166.63635864   43.96552467]
[ 150.55118256 -167.02203064   43.99503899]
[ 149.72391663 -167.35710754   44.03099594]
[ 148.89720612 -167.64391937   44.07348595]
[ 147.99416504 -167.899086     44.11069374]
[ 147.07087097 -168.09503479   44.12613182]
[ 146.12866211 -168.23076782   44.16172981]
[ 145.16877289 -168.30529327   44.19692383]
[ 144.19249268 -168.31774902   44.22560501]
[ 143.20101013 -168.26725769   44.2540432 ]
[ 142.19558716 -168.15301819   44.27772369]
[ 141.1772934  -167.97425385   44.31662674]
[ 140.14716797 -167.73019714   44.34317436]
[ 139.10633087 -167.42012177   44.37902908]
[ 138.05566559 -167.04322052   44.41372452]
[ 136.98280945 -166.5921402    44.45022507]
[ 135.43448486 -165.80010071   44.49019737]
[ 134.61257935 -165.31418304   44.52047081]
[ 132.12287292 -163.63961182   44.59831085]
[ 130.4218689  -162.35704346   44.66380692]
[ 125.56539001 -158.2673172    44.7771225 ]
[ 123.42343521 -156.31157227   44.81806755]
[ 117.57444229 -150.33165131   44.87121887]
[ 116.94787903 -149.55546112   44.87313271]
[ 115.82407761 -148.01023102   44.84838982]
[ 115.31279449 -147.20874023   44.84584503]
[ 114.45007782 -145.61478424   44.80675659]
[ 114.03682785 -144.64660797   44.78794556]
[ 113.69129333 -143.64639282   44.7672821 ]
[ 113.40832443 -142.62409515   44.72708397]
[ 113.18095856 -141.57633972   44.68621674]
[ 112.88649826 -139.52279968   44.60292015]
[ 112.80592346 -138.49972382   44.57789078]
[ 112.76033783 -136.56557007   44.51685944]
[ 112.83779526 -134.82549438   44.44364243]
[ 112.91674728 -134.01939545   44.4172966 ]
[ 113.11135483 -132.93375397   44.38600159]
[ 113.41352081 -131.97999573   44.34424477]
[ 113.80609283 -131.13772736   44.29377708]
[ 114.26924515 -130.38321838   44.24084053]
[ 114.78428879 -129.68817596   44.1889492 ]
[ 115.33370056 -129.02422638   44.13456421]
[ 116.55665131 -127.58744507   44.01351776]
[ 119.98722382 -124.17821045   43.73995171]
[ 121.74149551 -122.63621826   43.62862511]
[ 122.95469742 -121.55976562   43.53563614]
