[119.45912170410156, -117.13264465332031, 43.66143798828125]
[127.502197265625, -110.43263244628906, 43.152015686035156]
[149.02044677734375, -93.36640930175781, 42.56134033203125]
[182.625244140625, -64.7499771118164, 42.56134033203125]
[196.51358032226562, -51.729835510253906, 42.56134033203125]
[213.7678985595703, -35.08311462402344, 42.56134033203125]
[230.55960083007812, -19.77467155456543, 42.995418548583984]
[231.96231079101562, -18.784639358520508, 43.119293212890625]
[236.2590789794922, -16.14942169189453, 43.50679016113281]
[237.3998565673828, -15.60678482055664, 43.59147262573242]
[238.5624542236328, -15.134062767028809, 43.66504669189453]
[239.74732971191406, -14.7389497756958, 43.7269401550293]
[240.9492950439453, -14.428291320800781, 43.7757682800293]
[242.15843200683594, -14.205885887145996, 43.81072235107422]
[243.36343383789062, -14.070749282836914, 43.83195877075195]
[244.5108642578125, -14.016922950744629, 43.840415954589844]
[245.73382568359375, -14.028974533081055, 43.861846923828125]
[247.00184631347656, -14.12742805480957, 43.857704162597656]
[248.298095703125, -14.341958999633789, 43.85089111328125]
[249.57611083984375, -14.683165550231934, 43.83774185180664]
[250.790283203125, -15.135809898376465, 43.819366455078125]
[251.92416381835938, -15.672721862792969, 43.787109375]
[252.99612426757812, -16.27501678466797, 43.74597930908203]
[254.1138916015625, -16.98772430419922, 43.691097259521484]
[256.25164794921875, -18.500957489013672, 43.623748779296875]
[257.71173095703125, -19.60590934753418, 43.580039978027344]
[264.81005859375, -25.567216873168945, 43.25166320800781]
[271.7641296386719, -32.055789947509766, 42.77605056762695]
[277.0393371582031, -37.20907211303711, 42.56134033203125]
[304.6475524902344, -66.01112365722656, 42.56134033203125]
[328.1044616699219, -91.91614532470703, 43.596683502197266]
[333.9728698730469, -97.73345947265625, 43.99702072143555]
[342.585205078125, -106.04499816894531, 45.04087448120117]
[343.5856018066406, -107.16590881347656, 45.16604232788086]
[350.5713195800781, -116.02650451660156, 46.11777114868164]
[351.13568115234375, -117.19210815429688, 46.18025207519531]
[351.6286315917969, -118.42247772216797, 46.22939682006836]
[352.0148620605469, -119.62635803222656, 46.29364776611328]
[352.3408203125, -120.93097686767578, 46.322750091552734]
[352.7326965332031, -123.15009307861328, 46.35004425048828]
[352.85986328125, -124.51353454589844, 46.335289001464844]
[352.9071960449219, -126.80731964111328, 46.32505798339844]
[352.8381652832031, -128.04481506347656, 46.28660202026367]
[352.6790771484375, -129.4391632080078, 46.270267486572266]
[352.2411804199219, -131.780029296875, 46.248172760009766]
[351.86773681640625, -133.16249084472656, 46.232486724853516]
[351.0612487792969, -135.50633239746094, 46.135677337646484]
[350.48089599609375, -136.86241149902344, 46.053157806396484]
[349.5770568847656, -138.65284729003906, 45.90127182006836]
[348.955322265625, -139.7174072265625, 45.82640075683594]
[347.2376403808594, -142.3243865966797, 45.63948440551758]
[345.9027099609375, -144.12208557128906, 45.49020767211914]
[343.15899658203125, -147.49546813964844, 45.29445266723633]
[338.1642150878906, -153.1390380859375, 45.25812911987305]
[333.1510314941406, -158.2369842529297, 45.26084518432617]
[323.9356384277344, -166.74508666992188, 45.343017578125]
[312.3206481933594, -177.69921875, 45.2178955078125]
[310.6635437011719, -179.4539794921875, 45.207115173339844]
[293.3502197265625, -198.02578735351562, 44.5401611328125]
[292.333251953125, -198.88931274414062, 44.48121643066406]
[285.7090148925781, -203.96949768066406, 44.021331787109375]
[282.27862548828125, -206.31173706054688, 43.841590881347656]
[271.8166809082031, -212.98939514160156, 43.53619384765625]
[265.435546875, -216.69117736816406, 43.64143753051758]
[255.08074951171875, -222.6063232421875, 44.046199798583984]
[254.4407501220703, -223.08045959472656, 44.098724365234375]
[251.96829223632812, -225.19346618652344, 44.318443298339844]
[251.64048767089844, -225.52096557617188, 44.33894348144531]
[250.7789306640625, -226.530517578125, 44.414024353027344]
[250.45742797851562, -226.94192504882812, 44.44956970214844]
[248.3641815185547, -230.0626983642578, 44.61369705200195]
[247.20849609375, -232.03102111816406, 44.7193489074707]
[245.43386840820312, -235.52162170410156, 44.876522064208984]
[239.63034057617188, -247.5387725830078, 45.55160140991211]
[235.9456787109375, -254.4846954345703, 46.1068229675293]
[235.32167053222656, -255.48934936523438, 46.21601486206055]
[234.6179962158203, -256.49945068359375, 46.32639694213867]
[233.80723571777344, -257.5067138671875, 46.426326751708984]
[232.86151123046875, -258.4915466308594, 46.54829788208008]
[231.7601318359375, -259.4194641113281, 46.67728042602539]
[230.43197631835938, -260.2774658203125, 46.831787109375]
[228.79708862304688, -261.0447998046875, 46.9848518371582]
[227.15313720703125, -261.5669860839844, 47.12718963623047]
[225.5079345703125, -261.88812255859375, 47.24908447265625]
[223.86289978027344, -262.0340270996094, 47.35036087036133]
[222.21768188476562, -262.0164794921875, 47.399566650390625]
[220.5714569091797, -261.83502197265625, 47.4280891418457]
[218.92318725585938, -261.4762878417969, 47.40385437011719]
[217.27267456054688, -260.91033935546875, 47.3612174987793]
[215.6269989013672, -260.0838317871094, 47.25780487060547]
[214.1606903076172, -259.04730224609375, 47.12811279296875]
[213.10028076171875, -258.044921875, 47.033294677734375]
[212.20143127441406, -256.9739685058594, 46.90156936645508]
[211.44961547851562, -255.86575317382812, 46.79841613769531]
[210.822998046875, -254.73927307128906, 46.69316864013672]
[210.29867553710938, -253.6033477783203, 46.586307525634766]
[209.8559112548828, -252.45989990234375, 46.50075912475586]
[209.4468994140625, -251.19825744628906, 46.41743469238281]
[208.84381103515625, -248.89309692382812, 46.277984619140625]
[208.35675048828125, -246.5357208251953, 46.1488151550293]
[208.09239196777344, -245.03076171875, 46.091331481933594]
[207.4794464111328, -240.17173767089844, 45.957977294921875]
[207.14149475097656, -235.5627899169922, 45.85569381713867]
[206.95913696289062, -226.9642333984375, 45.59064483642578]
[206.98928833007812, -225.99464416503906, 45.560882568359375]
[207.06936645507812, -224.70826721191406, 45.4871940612793]
[207.485595703125, -221.6815948486328, 45.33281326293945]
[207.82089233398438, -220.29559326171875, 45.28947830200195]
[208.21749877929688, -218.99850463867188, 45.24836730957031]
[208.71957397460938, -217.65005493164062, 45.20668029785156]
[209.77000427246094, -214.29083251953125, 45.125240325927734]
[209.85182189941406, -213.7914581298828, 45.11240005493164]
[210.29385375976562, -209.5676727294922, 44.9849739074707]
[210.20281982421875, -208.69361877441406, 44.95783615112305]
[209.73211669921875, -205.84646606445312, 44.900169372558594]
[208.55471801757812, -200.57003784179688, 44.73480224609375]
[201.87832641601562, -175.2000732421875, 44.03564453125]
[195.03005981445312, -149.0869140625, 43.560791015625]
[194.73208618164062, -147.44601440429688, 43.560791015625]
[194.385986328125, -144.6919403076172, 43.573158264160156]
[194.2701416015625, -142.7110137939453, 43.59283447265625]
[194.02821350097656, -136.6934051513672, 43.58391571044922]
[193.85447692871094, -136.05848693847656, 43.560791015625]
[193.39710998535156, -134.7340545654297, 43.54239273071289]
[193.18003845214844, -134.22052001953125, 43.535770416259766]
[193.0096893310547, -133.8461456298828, 43.53056716918945]
[192.33619689941406, -132.70240783691406, 43.48874282836914]
[192.0253143310547, -132.23902893066406, 43.46929931640625]
[190.32920837402344, -130.0675048828125, 43.39586639404297]
[187.46514892578125, -126.8284683227539, 43.18400573730469]
[183.9100341796875, -123.29138946533203, 42.98430252075195]
[183.37545776367188, -122.80821990966797, 42.97219467163086]
[181.4705047607422, -121.2535171508789, 42.958702087402344]
[181.01687622070312, -120.93138885498047, 42.976318359375]
[180.64102172851562, -120.68700408935547, 42.99542999267578]
[179.98162841796875, -120.3121337890625, 43.02277374267578]
[179.34275817871094, -119.99085235595703, 43.06325149536133]
[178.73321533203125, -119.72370147705078, 43.11297607421875]
[178.16262817382812, -119.51020050048828, 43.16361999511719]
[177.64102172851562, -119.34833526611328, 43.20474624633789]
[177.1787567138672, -119.23413848876953, 43.23750305175781]
[176.78564453125, -119.16110229492188, 43.26641082763672]
[176.47007751464844, -119.11978912353516, 43.281211853027344]
[176.2372283935547, -119.0977783203125, 43.291072845458984]
[176.08660888671875, -119.08050537109375, 43.297828674316406]
[175.89134216308594, -119.10181427001953, 43.30460739135742]
[175.67103576660156, -119.16180419921875, 43.310882568359375]
[175.52102661132812, -119.20536804199219, 43.314815521240234]
[175.39041137695312, -119.25390625, 43.316917419433594]
[175.23472595214844, -119.34354400634766, 43.31543731689453]
[175.0251007080078, -119.51663208007812, 43.3068962097168]
[174.7503204345703, -119.81038665771484, 43.287330627441406]
[174.41082763671875, -120.25135803222656, 43.261451721191406]
[174.07748413085938, -120.73798370361328, 43.23701095581055]
[173.05606079101562, -122.58080291748047, 43.14558410644531]
[172.57501220703125, -123.54217529296875, 43.11195755004883]
[171.41937255859375, -126.21342468261719, 43.07731246948242]
[169.8120880126953, -130.56129455566406, 43.160640716552734]
[166.44476318359375, -141.5157470703125, 43.1549072265625]
[165.82846069335938, -143.86976623535156, 43.18144989013672]
[165.44224548339844, -145.78147888183594, 43.21046829223633]
[165.32382202148438, -146.58547973632812, 43.23533630371094]
[165.02598571777344, -150.16908264160156, 43.347747802734375]
[163.10223388671875, -162.22215270996094, 43.787296295166016]
[162.40371704101562, -163.54745483398438, 43.828575134277344]
[161.6214141845703, -164.7826385498047, 43.86696243286133]
[160.7677764892578, -165.92613220214844, 43.901859283447266]
[159.854736328125, -166.97830200195312, 43.935462951660156]
[158.89306640625, -167.94117736816406, 43.964881896972656]
[157.892822265625, -168.81739807128906, 43.99613571166992]
[156.8627166748047, -169.6104736328125, 44.0529899597168]
[155.81036376953125, -170.3241729736328, 44.10797119140625]
[154.7426300048828, -170.96212768554688, 44.16023635864258]
[153.6650848388672, -171.528076171875, 44.21324920654297]
[152.58273315429688, -172.0253143310547, 44.26250457763672]
[151.4998016357422, -172.4567413330078, 44.309444427490234]
[150.3728485107422, -172.83837890625, 44.35720443725586]
[149.12254333496094, -173.17987060546875, 44.379573822021484]
[147.8480987548828, -173.43881225585938, 44.423301696777344]
[146.55369567871094, -173.614013671875, 44.457313537597656]
[145.24440002441406, -173.7047576904297, 44.50379943847656]
[143.92417907714844, -173.71107482910156, 44.52333450317383]
[142.59722900390625, -173.63339233398438, 44.56230926513672]
[141.26724243164062, -173.47262573242188, 44.590614318847656]
[139.93722534179688, -173.2299346923828, 44.60858154296875]
[138.6097412109375, -172.90670776367188, 44.63246154785156]
[137.2867889404297, -172.50433349609375, 44.63896560668945]
[135.97006225585938, -172.0242156982422, 44.65653610229492]
[134.52659606933594, -171.4011993408203, 44.70053482055664]
[132.69139099121094, -170.4514923095703, 44.74107360839844]
[131.60012817382812, -169.7958221435547, 44.78562927246094]
[128.8736114501953, -167.95265197753906, 44.88095474243164]
[126.94381713867188, -166.48779296875, 44.95295333862305]
[121.92560577392578, -162.2563018798828, 45.07121276855469]
[119.56424713134766, -160.0886993408203, 45.10891342163086]
[113.37521362304688, -153.72671508789062, 45.165645599365234]
[112.58248901367188, -152.73403930664062, 45.159549713134766]
[111.27625274658203, -150.92181396484375, 45.17253112792969]
[110.56742858886719, -149.78585815429688, 45.16167449951172]
[109.48663330078125, -147.74180603027344, 45.12358856201172]
[108.93478393554688, -146.41555786132812, 45.07603454589844]
[108.48825073242188, -145.0915069580078, 45.02029037475586]
[108.13282012939453, -143.7769317626953, 44.95644760131836]
[107.8360824584961, -142.34593200683594, 44.915645599365234]
[107.50354766845703, -139.95156860351562, 44.84097671508789]
[107.40751647949219, -138.630859375, 44.81820297241211]
[107.36557006835938, -136.327880859375, 44.7156982421875]
[107.46235656738281, -134.31100463867188, 44.664337158203125]
[107.59709167480469, -133.09133911132812, 44.635711669921875]
[107.95619201660156, -131.3314666748047, 44.60380554199219]
[108.5127944946289, -129.72491455078125, 44.55180740356445]
[109.20345306396484, -128.33265686035156, 44.471614837646484]
[109.9376449584961, -127.18243408203125, 44.38740158081055]
[110.63676452636719, -126.25595092773438, 44.330806732177734]
[111.23290252685547, -125.53520202636719, 44.28206253051758]
[112.75877380371094, -123.74783325195312, 44.13085174560547]
[116.36045837402344, -120.02581787109375, 43.88294219970703]
[118.05134582519531, -118.45114135742188, 43.7613639831543]
[119.23452758789062, -117.34064483642578, 43.682159423828125]
